36.0 
3.0 
131.0 
97.0 
444.0 
304.0 
239.0 
1272.0 
351.0 
129.0 
80.0 
308.0 
66.0 
5.0 
7.0 
18.0 
185.0 
507.0 
20.0 
17.0 
185.0 
384.0 
5.0 
106.0 
310.0 
3720.0 
5570.0 
45.0 
13.0 
1187.0 
99.0 
104.0 
11.0 
406.0 
872.0 
623.0 
1824.0 
53.0 
33.0 
13.0 
13.0 
420.0 
396.0 
946.0 
647.0 
259.0 
637.0 
599.0 
803.0 
1083.0 
452.0 
237.0 
470.0 
357.0 
256.0 
565.0 
1665.0 
715.0 
775.0 
1027.0 
1736.0 
1661.0 
2300.0 
2432.0 
2173.0 
1295.0 
888.0 
819.0 
937.0 
409.0 
196.0 
757.0 
1334.0 
293.0 
152.0 
329.0 
143.0 
31.0 
366.0 
29.0 
11.0 
21.0 
31.0 
626.0 
822.0 
5401.0 
11664.0 
16833.0 
18284.0 
4226.0 
750.0 
426.0 
899.0 
295.0 
1364.0 
675.0 
509.0 
1050.0 
531.0 
2423.0 
1761.0 
479.0 
82.0 
155.0 
528.0 
584.0 
289.0 
160.0 
16.0 
9.0 
38.0 
24.0 
160.0 
1118.0 
2863.0 
1253.0 
1359.0 
1698.0 
1661.0 
1686.0 
2304.0 
2241.0 
1989.0 
1555.0 
1215.0 
1247.0 
365.0 
1927.0 
3348.0 
4486.0 
5209.0 
5552.0 
4880.0 
4617.0 
3710.0 
4018.0 
4840.0 
4422.0 
3200.0 
2411.0 
2652.0 
3106.0 
3110.0 
2639.0 
2510.0 
1569.0 
1436.0 
1174.0 
1175.0 
1999.0 
1745.0 
1460.0 
1551.0 
858.0 
1881.0 
1756.0 
1554.0 
14200.0 
34908.0 
29737.0 
27349.0 
21939.0 
13986.0 
8376.0 
2921.0 
5330.0 
3953.0 
2241.0 
1021.0 
1576.0 
6055.0 
5324.0 
3473.0 
2955.0 
2320.0 
2706.0 
2935.0 
2060.0 
2837.0 
1962.0 
1278.0 
2285.0 
982.0 
1663.0 
2799.0 
2073.0 
2250.0 
2675.0 
1965.0 
832.0 
968.0 
1050.0 
3962.0 
2611.0 
2495.0 
1962.0 
1223.0 
1851.0 
1996.0 
2045.0 
2202.0 
3210.0 
4342.0 
6345.0 
6859.0 
3647.0 
3704.0 
4807.0 
4444.0 
3684.0 
3437.0 
2692.0 
3192.0 
2077.0 
3375.0 
3820.0 
2226.0 
1511.0 
2469.0 
1381.0 
1448.0 
1516.0 
1659.0 
4108.0 
5239.0 
2078.0 
1927.0 
164.0 
709.0 
3906.0 
6526.0 
9182.0 
18521.0 
23094.0 
19346.0 
15958.0 
12745.0 
14971.0 
9240.0 
9286.0 
5141.0 
3882.0 
11264.0 
11352.0 
10989.0 
10137.0 
8616.0 
7941.0 
8590.0 
7701.0 
5923.0 
5487.0 
4382.0 
6020.0 
5862.0 
5847.0 
14441.0 
13155.0 
8854.0 
6306.0 
5736.0 
3154.0 
2839.0 
2573.0 
4627.0 
2720.0 
3570.0 
2247.0 
1675.0 
2823.0 
2321.0 
4031.0 
3380.0 
3155.0 
3019.0 
3423.0 
9503.0 
4512.0 
5215.0 
3858.0 
4025.0 
4524.0 
5828.0 
3444.0 
5973.0 
2619.0 
415.0 
849.0 
2153.0 
2555.0 
1763.0 
1622.0 
1247.0 
1838.0 
1623.0 
1487.0 
1797.0 
2511.0 
1129.0 
59.0 
1381.0 
3213.0 
10766.0 
15052.0 
12412.0 
14061.0 
14092.0 
15103.0 
16225.0 
14643.0 
14832.0 
13873.0 
13588.0 
11610.0 
11597.0 
11451.0 
14036.0 
10157.0 
9998.0 
11743.0 
11788.0 
12370.0 
9377.0 
8136.0 
9414.0 
9213.0 
9850.0 
10792.0 
8621.0 
8776.0 
6356.0 
5362.0 
3483.0 
2312.0 
2291.0 
1839.0 
5707.0 
2172.0 
1252.0 
2252.0 
1186.0 
953.0 
4590.0 
5601.0 
12044.0 
11461.0 
5632.0 
3201.0 
2364.0 
4034.0 
4969.0 
5125.0 
6954.0 
6360.0 
4209.0 
3811.0 
3265.0 
2430.0 
3173.0 
2567.0 
2197.0 
2127.0 
1972.0 
1199.0 
1949.0 
3466.0 
1183.0 
1954.0 
543.0 
1490.0 
1968.0 
413.0 
546.0 
15737.0 
12338.0 
8973.0 
9879.0 
9593.0 
10975.0 
9200.0 
8249.0 
11180.0 
13801.0 
13961.0 
10795.0 
9887.0 
8140.0 
10003.0 
7237.0 
5548.0 
6587.0 
6166.0 
5796.0 
5176.0 
3826.0 
6749.0 
5909.0 
7731.0 
9504.0 
10984.0 
8894.0 
6382.0 
7164.0 
5235.0 
5045.0 
3824.0 
2967.0 
4306.0 
3626.0 
3191.0 
1624.0 
2468.0 
454.0 
310.0 
354.0 
5698.0 
5762.0 
6151.0 
2419.0 
393.0 
1443.0 
4951.0 
5020.0 
5367.0 
5164.0 
3225.0 
2671.0 
5476.0 
4766.0 
3552.0 
3652.0 
1803.0 
2078.0 
2559.0 
3148.0 
2898.0 
6343.0 
2295.0 
1636.0 
1993.0 
689.0 
4985.0 
1685.0 
1.0 
1695.0 
10064.0 
12512.0 
12960.0 
11030.0 
9446.0 
6074.0 
3608.0 
5316.0 
7336.0 
12494.0 
11072.0 
16128.0 
15685.0 
13643.0 
5149.0 
105.0 
1937.0 
4002.0 
5761.0 
5908.0 
3892.0 
7382.0 
5198.0 
7857.0 
9116.0 
9387.0 
11409.0 
7926.0 
13124.0 
8112.0 
7416.0 
6657.0 
12084.0 
10036.0 
422.0 
387.0 
162.0 
310.0 
3634.0 
6365.0 
3914.0 
867.0 
993.0 
3321.0 
4431.0 
5176.0 
7308.0 
6666.0 
3913.0 
3654.0 
3898.0 
3265.0 
3724.0 
6431.0 
3792.0 
3834.0 
4487.0 
3299.0 
4246.0 
6703.0 
8129.0 
7473.0 
8248.0 
6281.0 
9191.0 
2222.0 
4554.0 
20156.0 
15826.0 
8821.0 
8582.0 
8727.0 
5230.0 
4606.0 
5436.0 
9203.0 
12548.0 
17800.0 
13076.0 
7621.0 
840.0 
2449.0 
5677.0 
4996.0 
6210.0 
5697.0 
7690.0 
5075.0 
7073.0 
9468.0 
9731.0 
7928.0 
8797.0 
9692.0 
9386.0 
11369.0 
11638.0 
3793.0 
1912.0 
3386.0 
1775.0 
1989.0 
2084.0 
2315.0 
2432.0 
5784.0 
4657.0 
3235.0 
1765.0 
4269.0 
3701.0 
3909.0 
2580.0 
3328.0 
4231.0 
3792.0 
7224.0 
9605.0 
10573.0 
13150.0 
10791.0 
13757.0 
11378.0 
8713.0 
11519.0 
3383.0 
10178.0 
16754.0 
5476.0 
2671.0 
4732.0 
7884.0 
5352.0 
10203.0 
10613.0 
12908.0 
11284.0 
5317.0 
3350.0 
3590.0 
1283.0 
3382.0 
8499.0 
5746.0 
6097.0 
5722.0 
9734.0 
9221.0 
8231.0 
8416.0 
7504.0 
5618.0 
6690.0 
10877.0 
7485.0 
73.0 
1105.0 
2926.0 
1678.0 
1744.0 
3310.0 
1339.0 
4211.0 
6734.0 
8707.0 
6723.0 
3760.0 
3624.0 
3390.0 
4442.0 
6593.0 
9126.0 
10213.0 
8347.0 
16347.0 
12817.0 
12972.0 
13726.0 
16610.0 
19503.0 
20475.0 
17784.0 
10931.0 
5688.0 
323.0 
5687.0 
15589.0 
9660.0 
5516.0 
7939.0 
7185.0 
12566.0 
15474.0 
9846.0 
6172.0 
6240.0 
1331.0 
1828.0 
3351.0 
1015.0 
12363.0 
12140.0 
9646.0 
6278.0 
6580.0 
8201.0 
7635.0 
8706.0 
8493.0 
5866.0 
3996.0 
6163.0 
6090.0 
6998.0 
2452.0 
294.0 
1844.0 
2380.0 
5411.0 
4500.0 
3941.0 
5690.0 
3010.0 
6911.0 
11167.0 
12557.0 
14998.0 
12623.0 
8310.0 
8564.0 
12736.0 
18839.0 
13417.0 
17776.0 
19366.0 
15409.0 
13397.0 
13574.0 
15671.0 
18250.0 
21275.0 
31594.0 
16086.0 
12145.0 
4060.0 
3.0 
12945.0 
8771.0 
8116.0 
11130.0 
11336.0 
12384.0 
12910.0 
9311.0 
6396.0 
6286.0 
1053.0 
5.0 
6320.0 
8360.0 
9885.0 
11998.0 
12120.0 
11844.0 
9224.0 
8122.0 
8473.0 
7653.0 
7008.0 
5620.0 
4181.0 
4125.0 
3590.0 
3818.0 
3816.0 
9277.0 
1279.0 
1909.0 
637.0 
956.0 
2853.0 
6319.0 
8474.0 
10989.0 
11335.0 
14841.0 
19500.0 
22330.0 
22531.0 
24431.0 
24537.0 
18963.0 
12734.0 
14345.0 
21418.0 
26817.0 
23702.0 
25131.0 
27751.0 
19680.0 
17752.0 
15791.0 
10376.0 
11970.0 
18060.0 
10212.0 
4129.0 
8284.0 
11237.0 
12573.0 
15582.0 
16803.0 
17469.0 
9223.0 
5342.0 
9052.0 
8038.0 
1950.0 
517.0 
6734.0 
4370.0 
4464.0 
5814.0 
7102.0 
10925.0 
10113.0 
8911.0 
6394.0 
6989.0 
7520.0 
7536.0 
3498.0 
1230.0 
517.0 
520.0 
207.0 
210.0 
85.0 
43.0 
55.0 
1548.0 
5263.0 
6234.0 
14762.0 
18783.0 
20525.0 
26227.0 
31714.0 
38296.0 
37310.0 
35418.0 
33417.0 
29824.0 
22829.0 
16689.0 
18176.0 
18941.0 
22134.0 
26034.0 
26971.0 
27265.0 
25685.0 
22177.0 
24399.0 
12716.0 
11018.0 
7823.0 
773.0 
377.0 
12255.0 
10532.0 
9651.0 
11960.0 
11490.0 
5627.0 
7985.0 
5724.0 
4026.0 
396.0 
98.0 
3373.0 
2752.0 
2601.0 
3716.0 
4592.0 
5882.0 
6643.0 
8980.0 
10615.0 
14488.0 
13990.0 
10270.0 
684.0 
1087.0 
409.0 
398.0 
149.0 
210.0 
1887.0 
5864.0 
9198.0 
12841.0 
23150.0 
32629.0 
28136.0 
25450.0 
21207.0 
17507.0 
20281.0 
17754.0 
22568.0 
28470.0 
26158.0 
25730.0 
31090.0 
11254.0 
7130.0 
9885.0 
8091.0 
7603.0 
10970.0 
12421.0 
13869.0 
13360.0 
10019.0 
8918.0 
3563.0 
1796.0 
7189.0 
8553.0 
7825.0 
8395.0 
8085.0 
4722.0 
3541.0 
4006.0 
4945.0 
12185.0 
8102.0 
474.0 
2212.0 
4044.0 
4552.0 
6037.0 
5957.0 
4580.0 
7392.0 
11271.0 
14463.0 
13476.0 
1527.0 
668.0 
1450.0 
290.0 
270.0 
1492.0 
2966.0 
4226.0 
6522.0 
8889.0 
7740.0 
9746.0 
10812.0 
12844.0 
12654.0 
9288.0 
9376.0 
8637.0 
10019.0 
11771.0 
11722.0 
14964.0 
18156.0 
21422.0 
25935.0 
12572.0 
10927.0 
11916.0 
11759.0 
12655.0 
16386.0 
18524.0 
22852.0 
25275.0 
27078.0 
24651.0 
13435.0 
4796.0 
384.0 
7662.0 
5697.0 
7063.0 
8101.0 
10120.0 
10457.0 
10150.0 
11549.0 
10364.0 
10225.0 
432.0 
1.0 
372.0 
4382.0 
5383.0 
8394.0 
7885.0 
6033.0 
2538.0 
5900.0 
8460.0 
6937.0 
1658.0 
1187.0 
3805.0 
3405.0 
1697.0 
672.0 
8889.0 
10689.0 
13621.0 
16797.0 
12305.0 
13397.0 
19156.0 
16961.0 
11828.0 
8503.0 
10406.0 
12556.0 
12814.0 
14902.0 
15323.0 
20793.0 
19884.0 
22101.0 
26325.0 
28376.0 
25205.0 
26591.0 
25144.0 
23464.0 
25686.0 
20383.0 
15904.0 
12549.0 
11799.0 
9760.0 
4013.0 
2864.0 
11.0 
2696.0 
7303.0 
9561.0 
8956.0 
9985.0 
11712.0 
14626.0 
12215.0 
9767.0 
4746.0 
63.0 
19.0 
73.0 
1827.0 
3370.0 
7052.0 
7427.0 
9921.0 
5454.0 
173.0 
7471.0 
14481.0 
6545.0 
1248.0 
1562.0 
8798.0 
5889.0 
1327.0 
21888.0 
16441.0 
16240.0 
16038.0 
15587.0 
14564.0 
11933.0 
9074.0 
10356.0 
11502.0 
11180.0 
11574.0 
11492.0 
11490.0 
12976.0 
12343.0 
13394.0 
11563.0 
12392.0 
13274.0 
12725.0 
12124.0 
14571.0 
13520.0 
12008.0 
11309.0 
13533.0 
9369.0 
4555.0 
1339.0 
3225.0 
4757.0 
1725.0 
3434.0 
4793.0 
9957.0 
13687.0 
10634.0 
10958.0 
12577.0 
11170.0 
9066.0 
9028.0 
5832.0 
596.0 
3736.0 
8046.0 
9789.0 
2608.0 
2815.0 
11670.0 
7884.0 
18.0 
2319.0 
16001.0 
14888.0 
21337.0 
29315.0 
21887.0 
20339.0 
15882.0 
14935.0 
17776.0 
14799.0 
9745.0 
10332.0 
10305.0 
10086.0 
11770.0 
13282.0 
13254.0 
17229.0 
15404.0 
11106.0 
12689.0 
10847.0 
11724.0 
10742.0 
12788.0 
13640.0 
10656.0 
5409.0 
4878.0 
3594.0 
1276.0 
602.0 
4192.0 
8137.0 
3851.0 
5344.0 
11561.0 
15391.0 
20548.0 
18787.0 
17202.0 
16953.0 
14291.0 
11186.0 
11892.0 
11370.0 
12097.0 
624.0 
598.0 
3218.0 
3080.0 
902.0 
1199.0 
4663.0 
24467.0 
36034.0 
24711.0 
18770.0 
12241.0 
14667.0 
14941.0 
14341.0 
13172.0 
11356.0 
9814.0 
11610.0 
10391.0 
12163.0 
11755.0 
14910.0 
20578.0 
16087.0 
12634.0 
10708.0 
10822.0 
15891.0 
16556.0 
17851.0 
23306.0 
18625.0 
6858.0 
5586.0 
1234.0 
3861.0 
7196.0 
14114.0 
3506.0 
18328.0 
25168.0 
17496.0 
23328.0 
20984.0 
24186.0 
37511.0 
44019.0 
33683.0 
19632.0 
11121.0 
2779.0 
676.0 
508.0 
166.0 
5.0 
52.0 
22126.0 
31745.0 
16333.0 
11445.0 
15319.0 
17539.0 
14991.0 
10044.0 
6862.0 
5184.0 
6469.0 
6088.0 
9345.0 
7995.0 
7936.0 
10706.0 
11021.0 
16182.0 
16871.0 
12457.0 
15806.0 
24124.0 
41973.0 
43171.0 
31598.0 
7921.0 
1238.0 
350.0 
3321.0 
12258.0 
4803.0 
32240.0 
39889.0 
37009.0 
27747.0 
28531.0 
21627.0 
20365.0 
35266.0 
50045.0 
28857.0 
27124.0 
26886.0 
41077.0 
4991.0 
6.0 
1410.0 
4823.0 
4859.0 
7343.0 
13058.0 
955.0 
1868.0 
22275.0 
14429.0 
11277.0 
14109.0 
14289.0 
15570.0 
12958.0 
9508.0 
7514.0 
9138.0 
7867.0 
7492.0 
7923.0 
6138.0 
6988.0 
6995.0 
11586.0 
12050.0 
12125.0 
17375.0 
24699.0 
46705.0 
66153.0 
29071.0 
1616.0 
1119.0 
21047.0 
25882.0 
25356.0 
21960.0 
26148.0 
19453.0 
21062.0 
25479.0 
24848.0 
31724.0 
35044.0 
40708.0 
38425.0 
17924.0 
1716.0 
9228.0 
4173.0 
7719.0 
5293.0 
550.0 
729.0 
2219.0 
906.0 
54.0 
9833.0 
55993.0 
21528.0 
9686.0 
19010.0 
15051.0 
14534.0 
10029.0 
7123.0 
7579.0 
8205.0 
8533.0 
6511.0 
5779.0 
5535.0 
4766.0 
4892.0 
6712.0 
7083.0 
14366.0 
33771.0 
67233.0 
17938.0 
1036.0 
37362.0 
37679.0 
40087.0 
31831.0 
30454.0 
25342.0 
23206.0 
25550.0 
28245.0 
28015.0 
29131.0 
25265.0 
14118.0 
1840.0 
1338.0 
2388.0 
6088.0 
430.0 
955.0 
3100.0 
5993.0 
3819.0 
963.0 
902.0 
16575.0 
14138.0 
8889.0 
11118.0 
16094.0 
16409.0 
11498.0 
13075.0 
9879.0 
6805.0 
5612.0 
6365.0 
12637.0 
10071.0 
8971.0 
7795.0 
7467.0 
5809.0 
5437.0 
19352.0 
42792.0 
6547.0 
4206.0 
40481.0 
24996.0 
27962.0 
24580.0 
26173.0 
25589.0 
23866.0 
19952.0 
14618.0 
17206.0 
21564.0 
13629.0 
5026.0 
1382.0 
14.0 
11.0 
658.0 
562.0 
2301.0 
785.0 
5379.0 
8554.0 
10152.0 
10980.0 
11650.0 
7284.0 
9024.0 
10143.0 
17123.0 
18810.0 
19536.0 
14339.0 
13361.0 
22461.0 
32656.0 
19708.0 
19183.0 
2463.0 
50.0 
159.0 
3551.0 
11466.0 
18523.0 
23160.0 
20448.0 
21620.0 
17808.0 
16842.0 
17502.0 
11075.0 
9533.0 
3010.0 
15.0 
78.0 
176.0 
2185.0 
1781.0 
5090.0 
9695.0 
10092.0 
7157.0 
11143.0 
10439.0 
8197.0 
9455.0 
12608.0 
13578.0 
10758.0 
13318.0 
16978.0 
12674.0 
4060.0 
44.0 
5738.0 
19974.0 
28402.0 
26349.0 
16121.0 
17088.0 
15852.0 
13548.0 
6228.0 
751.0 
2.0 
510.0 
126.0 
1368.0 
628.0 
262.0 
371.0 
265.0 
1107.0 
4250.0 
3544.0 
2536.0 
6996.0 
5022.0 
3413.0 
1372.0 
1770.0 
4314.0 
7931.0 
7143.0 
5232.0 
1723.0 
39.0 
147.0 
4732.0 
12295.0 
17220.0 
14094.0 
20609.0 
14534.0 
11798.0 
12565.0 
9061.0 
8681.0 
5408.0 
838.0 
15954.0 
6221.0 
163.0 
661.0 
1435.0 
544.0 
1173.0 
1322.0 
157.0 
41.0 
187.0 
1003.0 
5553.0 
5484.0 
964.0 
2689.0 
11870.0 
18025.0 
22161.0 
26803.0 
12838.0 
12635.0 
12562.0 
12058.0 
18183.0 
16223.0 
8808.0 
1088.0 
339.0 
598.0 
571.0 
187.0 
143.0 
8.0 
27.0 
186.0 
410.0 
1019.0 
1942.0 
94.0 
125.0 
30.0 
32.0 
49.0 
113.0 
59.0 
856.0 
238.0 
607.0 
2509.0 
10125.0 
11965.0 
6110.0 
16501.0 
10000.0 
12449.0 
6841.0 
7448.0 
14060.0 
9832.0 
10734.0 
7783.0 
7201.0 
3560.0 
2068.0 
1374.0 
135.0 
41.0 
24.0 
185.0 
108.0 
197.0 
565.0 
2213.0 
1417.0 
915.0 
591.0 
364.0 
613.0 
237.0 
273.0 
161.0 
16.0 
21.0 
207.0 
191.0 
12.0 
228.0 
830.0 
3154.0 
5440.0 
3997.0 
5118.0 
4155.0 
967.0 
707.0 
1039.0 
496.0 
122.0 
90.0 
294.0 
39.0 
56.0 
32.0 
149.0 
2.0 
47.0 
110.0 
233.0 
364.0 
87.0 
131.0 
139.0 
42.0 
1147.0 
2720.0 
161.0 
141.0 
122.0 
18.0 
9.0 
11.0 
26.0 
90.0 
134.0 
64.0 
226.0 
154.0 
62.0 
37.0 
48.0 
2.0 
24.0 
17.0 
112.0 
35.0 
109.0 
23.0 
10.0 
64.0 
19.0 
16.0 
20.0 
18.0 
22.0 
71.0 
19.0 
16.0 
40.0 
