56.0 
61.0 
37.0 
198.0 
128.0 
209.0 
1015.0 
619.0 
7.0 
91.0 
237.0 
61.0 
71.0 
230.0 
180.0 
3.0 
295.0 
551.0 
1529.0 
2374.0 
3.0 
89.0 
344.0 
242.0 
366.0 
718.0 
437.0 
61.0 
44.0 
91.0 
37.0 
33.0 
30.0 
64.0 
38.0 
15.0 
3.0 
5.0 
1.0 
26.0 
62.0 
13.0 
95.0 
93.0 
36.0 
47.0 
14.0 
65.0 
2.0 
10.0 
18.0 
5.0 
93.0 
127.0 
166.0 
213.0 
271.0 
136.0 
147.0 
278.0 
368.0 
1604.0 
4837.0 
5879.0 
201.0 
106.0 
11.0 
498.0 
438.0 
382.0 
516.0 
527.0 
34.0 
27.0 
126.0 
256.0 
422.0 
1111.0 
950.0 
636.0 
264.0 
329.0 
139.0 
266.0 
257.0 
183.0 
230.0 
340.0 
154.0 
128.0 
74.0 
223.0 
269.0 
174.0 
322.0 
705.0 
544.0 
959.0 
1521.0 
1565.0 
1921.0 
1698.0 
1724.0 
1861.0 
1333.0 
1910.0 
2021.0 
1505.0 
1578.0 
1504.0 
2133.0 
2467.0 
2569.0 
1993.0 
1861.0 
1765.0 
1402.0 
1102.0 
858.0 
641.0 
815.0 
752.0 
830.0 
935.0 
1448.0 
1307.0 
1231.0 
1118.0 
1253.0 
1399.0 
1779.0 
1463.0 
1474.0 
1523.0 
1562.0 
2524.0 
5138.0 
3469.0 
2225.0 
2210.0 
1423.0 
194.0 
293.0 
774.0 
951.0 
308.0 
924.0 
691.0 
1367.0 
2749.0 
2700.0 
2791.0 
2762.0 
2265.0 
2791.0 
3136.0 
3077.0 
2824.0 
2728.0 
3217.0 
3402.0 
3455.0 
2934.0 
3067.0 
2626.0 
2493.0 
3002.0 
2948.0 
2935.0 
3305.0 
3485.0 
3409.0 
3872.0 
3843.0 
3463.0 
3917.0 
4032.0 
4109.0 
4518.0 
4342.0 
4365.0 
3767.0 
4656.0 
5120.0 
4532.0 
4815.0 
5365.0 
5207.0 
4697.0 
4378.0 
4229.0 
3712.0 
3735.0 
4052.0 
3795.0 
4058.0 
4407.0 
4261.0 
4223.0 
4206.0 
4308.0 
4443.0 
5117.0 
5080.0 
5325.0 
5814.0 
5838.0 
4586.0 
5735.0 
6582.0 
7379.0 
7555.0 
7719.0 
7599.0 
5593.0 
3641.0 
3636.0 
3747.0 
4289.0 
3004.0 
2991.0 
8165.0 
6796.0 
6906.0 
5866.0 
5880.0 
6032.0 
5960.0 
5965.0 
5922.0 
6259.0 
5745.0 
5478.0 
4497.0 
4544.0 
4854.0 
4749.0 
4805.0 
4896.0 
4881.0 
5172.0 
4805.0 
4151.0 
3918.0 
4775.0 
5214.0 
5666.0 
5754.0 
6206.0 
6134.0 
6298.0 
5386.0 
6392.0 
6434.0 
6704.0 
8242.0 
8581.0 
8180.0 
9205.0 
9572.0 
8694.0 
9089.0 
8871.0 
8138.0 
8380.0 
6646.0 
6502.0 
6673.0 
6639.0 
7303.0 
6354.0 
6606.0 
6406.0 
5502.0 
6006.0 
5757.0 
6268.0 
5775.0 
1230.0 
34.0 
1670.0 
4008.0 
7328.0 
8041.0 
9001.0 
9578.0 
10311.0 
8862.0 
9442.0 
9100.0 
9241.0 
8821.0 
7862.0 
9421.0 
9635.0 
9332.0 
9425.0 
9380.0 
8523.0 
9267.0 
10056.0 
7830.0 
8263.0 
7314.0 
7912.0 
8407.0 
7568.0 
6197.0 
7280.0 
7354.0 
7952.0 
8344.0 
8381.0 
8108.0 
8021.0 
8270.0 
7859.0 
6854.0 
8099.0 
8145.0 
7471.0 
6917.0 
7586.0 
7041.0 
6163.0 
7308.0 
6111.0 
9790.0 
10372.0 
10879.0 
10206.0 
12639.0 
13807.0 
12640.0 
13941.0 
14638.0 
13322.0 
12581.0 
10096.0 
8603.0 
7732.0 
6809.0 
6275.0 
6089.0 
6031.0 
5801.0 
5522.0 
5693.0 
5344.0 
3725.0 
116.0 
334.0 
1477.0 
3762.0 
4391.0 
6346.0 
7668.0 
8055.0 
8579.0 
8494.0 
8257.0 
9561.0 
9500.0 
10027.0 
9700.0 
11494.0 
12298.0 
10970.0 
10336.0 
11861.0 
12757.0 
12822.0 
12365.0 
12309.0 
11602.0 
12447.0 
14562.0 
15607.0 
13594.0 
15518.0 
14767.0 
14377.0 
14616.0 
13162.0 
12899.0 
12043.0 
11412.0 
11125.0 
9858.0 
10024.0 
11237.0 
10063.0 
9309.0 
8866.0 
3173.0 
6262.0 
12224.0 
12704.0 
6217.0 
3092.0 
6689.0 
6542.0 
7669.0 
10704.0 
13306.0 
15359.0 
15009.0 
15177.0 
17825.0 
18007.0 
16029.0 
13843.0 
12681.0 
9990.0 
9044.0 
8513.0 
8290.0 
6443.0 
6151.0 
5177.0 
5013.0 
4884.0 
765.0 
137.0 
2342.0 
5939.0 
7583.0 
8746.0 
8894.0 
9094.0 
9452.0 
8348.0 
9231.0 
11136.0 
12685.0 
12085.0 
22357.0 
20131.0 
14704.0 
11784.0 
10587.0 
15883.0 
14686.0 
16792.0 
16782.0 
17472.0 
16783.0 
16977.0 
17181.0 
17490.0 
17090.0 
16448.0 
16350.0 
15767.0 
19180.0 
14210.0 
12695.0 
10253.0 
11049.0 
10908.0 
10541.0 
13899.0 
12731.0 
7534.0 
2363.0 
874.0 
4602.0 
5968.0 
11887.0 
14849.0 
7534.0 
3034.0 
5497.0 
9344.0 
12585.0 
14850.0 
22032.0 
19053.0 
14001.0 
14330.0 
14589.0 
11358.0 
12810.0 
16011.0 
13403.0 
15116.0 
15071.0 
14052.0 
14284.0 
11189.0 
11693.0 
9857.0 
7345.0 
1024.0 
764.0 
12945.0 
16019.0 
16603.0 
17329.0 
17286.0 
17267.0 
17169.0 
18241.0 
20691.0 
22261.0 
25134.0 
29089.0 
20342.0 
15800.0 
5036.0 
468.0 
3834.0 
13586.0 
15447.0 
19466.0 
20070.0 
19076.0 
18002.0 
17556.0 
22441.0 
27055.0 
26048.0 
20820.0 
30130.0 
22139.0 
13179.0 
14091.0 
10286.0 
8587.0 
648.0 
1171.0 
3545.0 
3262.0 
57.0 
2935.0 
7108.0 
7186.0 
10049.0 
11563.0 
7694.0 
8076.0 
9078.0 
13066.0 
13119.0 
15244.0 
12861.0 
15742.0 
12380.0 
17675.0 
19765.0 
24000.0 
28002.0 
31680.0 
37234.0 
43740.0 
47406.0 
45703.0 
32360.0 
19894.0 
12816.0 
6862.0 
1741.0 
8.0 
5894.0 
22794.0 
30518.0 
34198.0 
36903.0 
33474.0 
40368.0 
45161.0 
48246.0 
42279.0 
38012.0 
27162.0 
19320.0 
7637.0 
383.0 
4090.0 
11964.0 
13564.0 
16655.0 
18812.0 
22356.0 
20241.0 
19312.0 
22042.0 
21024.0 
21564.0 
23683.0 
19457.0 
14279.0 
13716.0 
10357.0 
5463.0 
1806.0 
7000.0 
8210.0 
8170.0 
8571.0 
7546.0 
10219.0 
10650.0 
14889.0 
20086.0 
16101.0 
12148.0 
12215.0 
14753.0 
19571.0 
27809.0 
29698.0 
26526.0 
31899.0 
42912.0 
48901.0 
50588.0 
50257.0 
33776.0 
24248.0 
8768.0 
6036.0 
878.0 
3.0 
12995.0 
25421.0 
35112.0 
32593.0 
25722.0 
36025.0 
46979.0 
49065.0 
39344.0 
36250.0 
11343.0 
5493.0 
489.0 
44.0 
5548.0 
3910.0 
6273.0 
15129.0 
14549.0 
14321.0 
14615.0 
15725.0 
13431.0 
11822.0 
11348.0 
11468.0 
9313.0 
9225.0 
7899.0 
2453.0 
72.0 
272.0 
4992.0 
5179.0 
6149.0 
5930.0 
7536.0 
8443.0 
10455.0 
13681.0 
14631.0 
15428.0 
15927.0 
13770.0 
13620.0 
14918.0 
21264.0 
30356.0 
24539.0 
24981.0 
22424.0 
24690.0 
26165.0 
22649.0 
23099.0 
16656.0 
12511.0 
8388.0 
5679.0 
787.0 
551.0 
5881.0 
23839.0 
19598.0 
20170.0 
16233.0 
21206.0 
22869.0 
20308.0 
18737.0 
2653.0 
680.0 
98.0 
8.0 
1977.0 
3536.0 
1989.0 
13327.0 
11547.0 
10716.0 
9734.0 
9292.0 
9989.0 
8927.0 
7479.0 
8096.0 
7121.0 
6020.0 
5196.0 
2460.0 
1953.0 
567.0 
2.0 
8260.0 
11111.0 
8964.0 
11799.0 
12328.0 
18091.0 
14940.0 
23486.0 
30028.0 
28132.0 
25384.0 
18168.0 
13726.0 
9565.0 
17136.0 
22408.0 
21872.0 
17389.0 
14648.0 
11753.0 
13221.0 
11639.0 
12601.0 
12371.0 
11271.0 
9696.0 
7035.0 
3580.0 
333.0 
12352.0 
12141.0 
11279.0 
11507.0 
9865.0 
9229.0 
9043.0 
6271.0 
2068.0 
2263.0 
843.0 
7370.0 
7967.0 
8078.0 
8866.0 
9284.0 
7696.0 
7911.0 
8337.0 
7317.0 
6485.0 
5705.0 
4006.0 
3810.0 
2365.0 
922.0 
1104.0 
621.0 
534.0 
156.0 
259.0 
2940.0 
8041.0 
13143.0 
16931.0 
19480.0 
26759.0 
34740.0 
38699.0 
34075.0 
36697.0 
36195.0 
37163.0 
31885.0 
26455.0 
21432.0 
20815.0 
17678.0 
15605.0 
14681.0 
12801.0 
10246.0 
7404.0 
6272.0 
6561.0 
4755.0 
4268.0 
3442.0 
1969.0 
1012.0 
7048.0 
10531.0 
11306.0 
8967.0 
6084.0 
5129.0 
3374.0 
3264.0 
4483.0 
1964.0 
1033.0 
566.0 
7300.0 
5846.0 
5636.0 
4676.0 
5191.0 
4795.0 
3577.0 
4862.0 
5049.0 
4309.0 
4781.0 
4274.0 
4656.0 
1961.0 
519.0 
475.0 
241.0 
99.0 
206.0 
412.0 
1291.0 
4357.0 
9196.0 
14475.0 
22959.0 
27074.0 
30412.0 
34076.0 
36288.0 
30996.0 
31275.0 
25066.0 
21025.0 
18678.0 
13420.0 
12232.0 
8813.0 
9853.0 
11437.0 
10992.0 
10057.0 
8714.0 
8418.0 
7313.0 
6765.0 
4824.0 
2055.0 
754.0 
56.0 
303.0 
6852.0 
7281.0 
7760.0 
6007.0 
5962.0 
4462.0 
4478.0 
2683.0 
817.0 
75.0 
93.0 
2528.0 
1491.0 
2719.0 
1953.0 
2218.0 
2726.0 
3903.0 
4181.0 
6193.0 
6596.0 
8453.0 
9351.0 
1564.0 
1382.0 
281.0 
427.0 
98.0 
160.0 
290.0 
2094.0 
6136.0 
9353.0 
11557.0 
16136.0 
18225.0 
16516.0 
15966.0 
12584.0 
11812.0 
12268.0 
10292.0 
9171.0 
9440.0 
8992.0 
7359.0 
5941.0 
3679.0 
3119.0 
2063.0 
1963.0 
2032.0 
2526.0 
2956.0 
2952.0 
3038.0 
2171.0 
1607.0 
453.0 
1623.0 
5696.0 
5329.0 
4982.0 
3808.0 
3634.0 
3311.0 
2788.0 
2620.0 
2148.0 
6581.0 
9098.0 
452.0 
2229.0 
3096.0 
3217.0 
4548.0 
4099.0 
4692.0 
4652.0 
6071.0 
8321.0 
8739.0 
1192.0 
1369.0 
1144.0 
131.0 
283.0 
1725.0 
1913.0 
4290.0 
3368.0 
4028.0 
4493.0 
4572.0 
4959.0 
5804.0 
5614.0 
4780.0 
4688.0 
4262.0 
5403.0 
5231.0 
4871.0 
6110.0 
5600.0 
5527.0 
5814.0 
2556.0 
2862.0 
1863.0 
1895.0 
2834.0 
2385.0 
3839.0 
4939.0 
7169.0 
9392.0 
11652.0 
9933.0 
5019.0 
340.0 
4228.0 
2575.0 
3303.0 
3869.0 
4173.0 
3480.0 
3038.0 
4045.0 
3391.0 
4421.0 
1323.0 
76.0 
357.0 
4156.0 
4407.0 
3928.0 
5959.0 
4680.0 
2495.0 
4513.0 
5738.0 
6340.0 
1622.0 
3626.0 
5219.0 
1567.0 
635.0 
639.0 
4309.0 
5739.0 
8057.0 
6485.0 
8092.0 
9563.0 
11172.0 
9916.0 
10546.0 
13065.0 
15774.0 
18157.0 
18937.0 
18300.0 
20146.0 
26949.0 
24751.0 
25866.0 
26573.0 
24504.0 
23266.0 
17566.0 
17230.0 
18370.0 
19239.0 
17884.0 
15067.0 
13633.0 
10555.0 
12257.0 
10923.0 
5908.0 
124.0 
2634.0 
6094.0 
9182.0 
9567.0 
8505.0 
11059.0 
10965.0 
11451.0 
11502.0 
7753.0 
173.0 
67.0 
150.0 
322.0 
2128.0 
3798.0 
3974.0 
6990.0 
6341.0 
146.0 
5782.0 
7446.0 
4340.0 
1447.0 
430.0 
3436.0 
3105.0 
1115.0 
1728.0 
15286.0 
14642.0 
14598.0 
16054.0 
16775.0 
14724.0 
15143.0 
16431.0 
17469.0 
19937.0 
20730.0 
21036.0 
22740.0 
23622.0 
23431.0 
23520.0 
24450.0 
23377.0 
23833.0 
25070.0 
22340.0 
21896.0 
22760.0 
19974.0 
19321.0 
10990.0 
7725.0 
5245.0 
5121.0 
1723.0 
2122.0 
3215.0 
1310.0 
2784.0 
4639.0 
9419.0 
8333.0 
6801.0 
6827.0 
7635.0 
7190.0 
4937.0 
5809.0 
4198.0 
34.0 
161.0 
44.0 
414.0 
1474.0 
3608.0 
4866.0 
2078.0 
1965.0 
7037.0 
4951.0 
54.0 
7017.0 
16939.0 
8295.0 
14288.0 
23754.0 
22104.0 
18462.0 
19497.0 
18100.0 
21767.0 
21238.0 
20073.0 
20463.0 
23286.0 
19603.0 
18219.0 
18016.0 
18643.0 
18728.0 
18139.0 
18743.0 
18197.0 
19588.0 
18802.0 
18460.0 
13533.0 
10153.0 
6777.0 
6653.0 
4707.0 
1927.0 
430.0 
266.0 
1490.0 
3732.0 
3564.0 
3663.0 
7731.0 
11801.0 
14497.0 
13128.0 
12486.0 
11017.0 
9190.0 
7363.0 
5885.0 
4943.0 
2402.0 
523.0 
16.0 
733.0 
419.0 
73.0 
542.0 
695.0 
402.0 
4080.0 
11467.0 
25053.0 
28510.0 
24732.0 
22989.0 
22232.0 
27884.0 
27887.0 
24090.0 
19948.0 
21601.0 
23203.0 
19922.0 
19723.0 
19261.0 
18763.0 
14420.0 
13891.0 
23461.0 
24961.0 
22493.0 
20265.0 
21638.0 
18577.0 
11818.0 
6515.0 
3033.0 
4254.0 
2269.0 
2839.0 
2839.0 
6187.0 
2674.0 
17770.0 
29869.0 
33404.0 
30571.0 
25872.0 
31626.0 
31253.0 
27252.0 
22494.0 
17280.0 
10041.0 
1897.0 
58.0 
113.0 
2.0 
3.0 
21.0 
12327.0 
23614.0 
26488.0 
24102.0 
28964.0 
33321.0 
36900.0 
32454.0 
28672.0 
26832.0 
22295.0 
26227.0 
21870.0 
21843.0 
18993.0 
24335.0 
27557.0 
26393.0 
23982.0 
25283.0 
26644.0 
27310.0 
23328.0 
17528.0 
7494.0 
2652.0 
547.0 
1131.0 
5619.0 
6791.0 
5142.0 
21309.0 
34060.0 
43592.0 
40652.0 
37712.0 
43815.0 
54588.0 
61278.0 
52263.0 
44873.0 
32565.0 
29040.0 
19428.0 
1332.0 
2.0 
468.0 
1653.0 
554.0 
1095.0 
2639.0 
104.0 
2211.0 
11078.0 
12496.0 
16550.0 
27514.0 
28290.0 
28528.0 
24879.0 
27722.0 
29611.0 
29494.0 
30013.0 
24639.0 
26957.0 
27289.0 
30606.0 
26191.0 
26971.0 
35451.0 
30069.0 
32025.0 
30903.0 
21890.0 
12769.0 
3609.0 
423.0 
58.0 
790.0 
12145.0 
26386.0 
32746.0 
36135.0 
38865.0 
35717.0 
47268.0 
41585.0 
49257.0 
54063.0 
49486.0 
47589.0 
31102.0 
9242.0 
1586.0 
2376.0 
1160.0 
1960.0 
2002.0 
282.0 
95.0 
203.0 
54.0 
621.0 
4803.0 
19460.0 
12685.0 
8004.0 
12225.0 
15946.0 
16458.0 
19860.0 
20879.0 
21701.0 
23161.0 
24251.0 
22619.0 
24828.0 
26580.0 
28340.0 
23403.0 
20310.0 
26563.0 
23539.0 
20861.0 
16394.0 
5321.0 
363.0 
14604.0 
20403.0 
20792.0 
23813.0 
25928.0 
26209.0 
29853.0 
40098.0 
40379.0 
31274.0 
30254.0 
23707.0 
12202.0 
1434.0 
169.0 
984.0 
1301.0 
208.0 
4.0 
474.0 
1059.0 
1479.0 
218.0 
163.0 
3910.0 
6714.0 
4199.0 
3716.0 
5396.0 
9810.0 
9601.0 
10370.0 
12256.0 
15518.0 
15201.0 
14308.0 
14154.0 
15294.0 
15795.0 
15341.0 
15389.0 
15110.0 
13010.0 
11268.0 
15320.0 
3226.0 
2748.0 
13801.0 
4998.0 
6260.0 
9570.0 
13114.0 
21268.0 
20721.0 
19382.0 
20625.0 
21504.0 
23051.0 
14379.0 
7440.0 
4071.0 
2.0 
33.0 
2.0 
224.0 
1190.0 
886.0 
698.0 
2601.0 
3966.0 
3441.0 
3822.0 
4383.0 
5916.0 
5681.0 
6604.0 
7433.0 
7478.0 
9158.0 
8377.0 
10156.0 
11178.0 
13128.0 
15046.0 
3130.0 
26.0 
472.0 
2593.0 
2700.0 
6771.0 
10400.0 
11012.0 
15551.0 
18334.0 
17180.0 
14846.0 
15230.0 
3786.0 
75.0 
73.0 
258.0 
693.0 
1684.0 
3313.0 
3729.0 
1553.0 
1098.0 
2053.0 
4401.0 
5942.0 
7234.0 
8849.0 
7829.0 
8695.0 
11570.0 
12349.0 
4993.0 
67.0 
2006.0 
5546.0 
6842.0 
7146.0 
7950.0 
9500.0 
11448.0 
17653.0 
14628.0 
3281.0 
201.0 
842.0 
156.0 
87.0 
37.0 
5.0 
72.0 
197.0 
293.0 
86.0 
245.0 
1345.0 
503.0 
1042.0 
463.0 
800.0 
942.0 
130.0 
924.0 
5793.0 
9771.0 
8460.0 
8131.0 
2143.0 
187.0 
2415.0 
3346.0 
4102.0 
5680.0 
6543.0 
7885.0 
7205.0 
11074.0 
11544.0 
12182.0 
7288.0 
954.0 
6615.0 
2050.0 
29.0 
25.0 
9.0 
2.0 
17.0 
422.0 
280.0 
32.0 
7.0 
151.0 
647.0 
2567.0 
1945.0 
481.0 
1428.0 
7664.0 
8021.0 
7026.0 
6071.0 
5564.0 
6597.0 
10697.0 
10498.0 
14120.0 
13418.0 
6105.0 
933.0 
2.0 
263.0 
493.0 
395.0 
618.0 
400.0 
149.0 
25.0 
14.0 
361.0 
1052.0 
418.0 
5.0 
4.0 
163.0 
2.0 
2.0 
14.0 
727.0 
188.0 
140.0 
990.0 
1972.0 
3193.0 
2336.0 
6346.0 
9949.0 
14238.0 
7254.0 
7000.0 
8798.0 
9792.0 
9355.0 
7655.0 
8126.0 
8416.0 
6492.0 
5593.0 
1517.0 
295.0 
603.0 
138.0 
5.0 
113.0 
55.0 
148.0 
1811.0 
1955.0 
1289.0 
821.0 
249.0 
553.0 
530.0 
405.0 
628.0 
474.0 
510.0 
39.0 
15.0 
1046.0 
2048.0 
2372.0 
5524.0 
2398.0 
4987.0 
2878.0 
559.0 
253.0 
748.0 
1365.0 
806.0 
889.0 
1055.0 
1181.0 
730.0 
259.0 
541.0 
177.0 
10.0 
3.0 
35.0 
64.0 
106.0 
234.0 
409.0 
450.0 
369.0 
275.0 
729.0 
1049.0 
883.0 
581.0 
1395.0 
577.0 
303.0 
411.0 
128.0 
383.0 
437.0 
802.0 
1795.0 
337.0 
731.0 
1004.0 
662.0 
325.0 
484.0 
395.0 
317.0 
177.0 
190.0 
346.0 
97.0 
219.0 
72.0 
9.0 
73.0 
599.0 
535.0 
651.0 
624.0 
612.0 
115.0 
238.0 
114.0 
7.0 
33.0 
39.0 
135.0 
343.0 
107.0 
296.0 
81.0 
332.0 
708.0 
416.0 
102.0 
198.0 
127.0 
301.0 
185.0 
21.0 
61.0 
435.0 
44.0 
105.0 
16.0 
171.0 
161.0 
34.0 
46.0 
213.0 
44.0 
483.0 
323.0 
260.0 
709.0 
218.0 
35.0 
87.0 
122.0 
197.0 
160.0 
289.0 
278.0 
390.0 
531.0 
403.0 
207.0 
291.0 
172.0 
219.0 
434.0 
380.0 
314.0 
271.0 
253.0 
175.0 
161.0 
128.0 
280.0 
222.0 
278.0 
371.0 
540.0 
216.0 
235.0 
140.0 
134.0 
196.0 
103.0 
3.0 
10.0 
21.0 
36.0 
299.0 
463.0 
408.0 
430.0 
377.0 
256.0 
105.0 
212.0 
256.0 
162.0 
190.0 
98.0 
93.0 
59.0 
83.0 
72.0 
75.0 
78.0 
252.0 
125.0 
393.0 
391.0 
309.0 
390.0 
361.0 
539.0 
405.0 
423.0 
276.0 
465.0 
132.0 
4.0 
3.0 
24.0 
47.0 
